trialNb	groupNb	indexInGroup	cue	association	assoNb	timeToFirstKeypress	timeToSubmission	list	load	original_pattern	reproduced_pattern	correct	hits	misses	falseAlarms
1	1	1	anti	__UNKNOWN__	1	-1	-1	2	HIGH_LOAD	1000000001010010	0000000000000000	0	0	4	0
1	1	1	anti	__UNKNOWN__	2	-1	-1	2	HIGH_LOAD	1000000001010010	0000000000000000	0	0	4	0
1	1	1	anti	__UNKNOWN__	3	-1	-1	2	HIGH_LOAD	1000000001010010	0000000000000000	0	0	4	0
2	1	2	boek	__UNKNOWN__	1	-1	-1	2	HIGH_LOAD	1000000001010010	0000000000000000	0	0	4	0
2	1	2	boek	__UNKNOWN__	2	-1	-1	2	HIGH_LOAD	1000000001010010	0000000000000000	0	0	4	0
2	1	2	boek	__UNKNOWN__	3	-1	-1	2	HIGH_LOAD	1000000001010010	0000000000000000	0	0	4	0
3	1	3	debuut	__UNKNOWN__	1	-1	-1	2	HIGH_LOAD	1000000001010010	0000000000000000	0	0	4	0
3	1	3	debuut	__UNKNOWN__	2	-1	-1	2	HIGH_LOAD	1000000001010010	0000000000000000	0	0	4	0
3	1	3	debuut	__UNKNOWN__	3	-1	-1	2	HIGH_LOAD	1000000001010010	0000000000000000	0	0	4	0
4	1	4	refrein	__UNKNOWN__	1	-1	-1	2	HIGH_LOAD	1000000001010010	0000000000000000	0	0	4	0
4	1	4	refrein	__UNKNOWN__	2	-1	-1	2	HIGH_LOAD	1000000001010010	0000000000000000	0	0	4	0
4	1	4	refrein	__UNKNOWN__	3	-1	-1	2	HIGH_LOAD	1000000001010010	0000000000000000	0	0	4	0
5	1	5	dok	__UNKNOWN__	1	-1	-1	2	HIGH_LOAD	1000000001010010	0000000000000000	0	0	4	0
5	1	5	dok	__UNKNOWN__	2	-1	-1	2	HIGH_LOAD	1000000001010010	0000000000000000	0	0	4	0
5	1	5	dok	__UNKNOWN__	3	-1	-1	2	HIGH_LOAD	1000000001010010	0000000000000000	0	0	4	0
6	2	1	veel	__UNKNOWN__	1	-1	-1	1	LOW_LOAD	0000000000001111	0000000000000000	0	0	4	0
6	2	1	veel	__UNKNOWN__	2	-1	-1	1	LOW_LOAD	0000000000001111	0000000000000000	0	0	4	0
6	2	1	veel	__UNKNOWN__	3	-1	-1	1	LOW_LOAD	0000000000001111	0000000000000000	0	0	4	0
7	2	2	veger	__UNKNOWN__	1	-1	-1	1	LOW_LOAD	0000000000001111	0000000000000000	0	0	4	0
7	2	2	veger	__UNKNOWN__	2	-1	-1	1	LOW_LOAD	0000000000001111	0000000000000000	0	0	4	0
7	2	2	veger	__UNKNOWN__	3	-1	-1	1	LOW_LOAD	0000000000001111	0000000000000000	0	0	4	0
8	2	3	boog	__UNKNOWN__	1	-1	-1	1	LOW_LOAD	0000000000001111	0000000000000000	0	0	4	0
8	2	3	boog	__UNKNOWN__	2	-1	-1	1	LOW_LOAD	0000000000001111	0000000000000000	0	0	4	0
8	2	3	boog	__UNKNOWN__	3	-1	-1	1	LOW_LOAD	0000000000001111	0000000000000000	0	0	4	0
9	2	4	zon	__UNKNOWN__	1	-1	-1	1	LOW_LOAD	0000000000001111	0000000000000000	0	0	4	0
9	2	4	zon	__UNKNOWN__	2	-1	-1	1	LOW_LOAD	0000000000001111	0000000000000000	0	0	4	0
9	2	4	zon	__UNKNOWN__	3	-1	-1	1	LOW_LOAD	0000000000001111	0000000000000000	0	0	4	0
10	2	5	gevaarlijk	__UNKNOWN__	1	-1	-1	1	LOW_LOAD	0000000000001111	0000000000000000	0	0	4	0
10	2	5	gevaarlijk	__UNKNOWN__	2	-1	-1	1	LOW_LOAD	0000000000001111	0000000000000000	0	0	4	0
10	2	5	gevaarlijk	__UNKNOWN__	3	-1	-1	1	LOW_LOAD	0000000000001111	0000000000000000	0	0	4	0
11	3	1	vliegtuig	__UNKNOWN__	1	-1	-1	2	HIGH_LOAD	0001100000010100	0000000000000000	0	0	4	0
11	3	1	vliegtuig	__UNKNOWN__	2	-1	-1	2	HIGH_LOAD	0001100000010100	0000000000000000	0	0	4	0
11	3	1	vliegtuig	__UNKNOWN__	3	-1	-1	2	HIGH_LOAD	0001100000010100	0000000000000000	0	0	4	0
12	3	2	iedereen	__UNKNOWN__	1	-1	-1	2	HIGH_LOAD	0001100000010100	0000000000000000	0	0	4	0
12	3	2	iedereen	__UNKNOWN__	2	-1	-1	2	HIGH_LOAD	0001100000010100	0000000000000000	0	0	4	0
12	3	2	iedereen	__UNKNOWN__	3	-1	-1	2	HIGH_LOAD	0001100000010100	0000000000000000	0	0	4	0
13	3	3	oom	__UNKNOWN__	1	-1	-1	2	HIGH_LOAD	0001100000010100	0000000000000000	0	0	4	0
13	3	3	oom	__UNKNOWN__	2	-1	-1	2	HIGH_LOAD	0001100000010100	0000000000000000	0	0	4	0
13	3	3	oom	__UNKNOWN__	3	-1	-1	2	HIGH_LOAD	0001100000010100	0000000000000000	0	0	4	0
14	3	4	schaken	__UNKNOWN__	1	-1	-1	2	HIGH_LOAD	0001100000010100	0000000000000000	0	0	4	0
14	3	4	schaken	__UNKNOWN__	2	-1	-1	2	HIGH_LOAD	0001100000010100	0000000000000000	0	0	4	0
14	3	4	schaken	__UNKNOWN__	3	-1	-1	2	HIGH_LOAD	0001100000010100	0000000000000000	0	0	4	0
15	3	5	takel	__UNKNOWN__	1	-1	-1	2	HIGH_LOAD	0001100000010100	0000000000000000	0	0	4	0
15	3	5	takel	__UNKNOWN__	2	-1	-1	2	HIGH_LOAD	0001100000010100	0000000000000000	0	0	4	0
15	3	5	takel	__UNKNOWN__	3	-1	-1	2	HIGH_LOAD	0001100000010100	0000000000000000	0	0	4	0
16	4	1	zee	__UNKNOWN__	1	-1	-1	2	HIGH_LOAD	0100000100001010	0000000000000000	0	0	4	0
16	4	1	zee	__UNKNOWN__	2	-1	-1	2	HIGH_LOAD	0100000100001010	0000000000000000	0	0	4	0
16	4	1	zee	__UNKNOWN__	3	-1	-1	2	HIGH_LOAD	0100000100001010	0000000000000000	0	0	4	0
17	4	2	jammer	__UNKNOWN__	1	-1	-1	2	HIGH_LOAD	0100000100001010	0000000000000000	0	0	4	0
17	4	2	jammer	__UNKNOWN__	2	-1	-1	2	HIGH_LOAD	0100000100001010	0000000000000000	0	0	4	0
17	4	2	jammer	__UNKNOWN__	3	-1	-1	2	HIGH_LOAD	0100000100001010	0000000000000000	0	0	4	0
18	4	3	serieus	__UNKNOWN__	1	-1	-1	2	HIGH_LOAD	0100000100001010	0000000000000000	0	0	4	0
18	4	3	serieus	__UNKNOWN__	2	-1	-1	2	HIGH_LOAD	0100000100001010	0000000000000000	0	0	4	0
18	4	3	serieus	__UNKNOWN__	3	-1	-1	2	HIGH_LOAD	0100000100001010	0000000000000000	0	0	4	0
19	4	4	vakantie	__UNKNOWN__	1	-1	-1	2	HIGH_LOAD	0100000100001010	0000000000000000	0	0	4	0
19	4	4	vakantie	__UNKNOWN__	2	-1	-1	2	HIGH_LOAD	0100000100001010	0000000000000000	0	0	4	0
19	4	4	vakantie	__UNKNOWN__	3	-1	-1	2	HIGH_LOAD	0100000100001010	0000000000000000	0	0	4	0
20	4	5	monding	__UNKNOWN__	1	-1	-1	2	HIGH_LOAD	0100000100001010	0000000000000000	0	0	4	0
20	4	5	monding	__UNKNOWN__	2	-1	-1	2	HIGH_LOAD	0100000100001010	0000000000000000	0	0	4	0
20	4	5	monding	__UNKNOWN__	3	-1	-1	2	HIGH_LOAD	0100000100001010	0000000000000000	0	0	4	0
21	5	1	goed	__UNKNOWN__	1	-1	-1	2	HIGH_LOAD	0010010000010010	0000000000000000	0	0	4	0
21	5	1	goed	__UNKNOWN__	2	-1	-1	2	HIGH_LOAD	0010010000010010	0000000000000000	0	0	4	0
21	5	1	goed	__UNKNOWN__	3	-1	-1	2	HIGH_LOAD	0010010000010010	0000000000000000	0	0	4	0
22	5	2	donder	__UNKNOWN__	1	-1	-1	2	HIGH_LOAD	0010010000010010	0000000000000000	0	0	4	0
22	5	2	donder	__UNKNOWN__	2	-1	-1	2	HIGH_LOAD	0010010000010010	0000000000000000	0	0	4	0
22	5	2	donder	__UNKNOWN__	3	-1	-1	2	HIGH_LOAD	0010010000010010	0000000000000000	0	0	4	0
23	5	3	goor	__UNKNOWN__	1	-1	-1	2	HIGH_LOAD	0010010000010010	0000000000000000	0	0	4	0
23	5	3	goor	__UNKNOWN__	2	-1	-1	2	HIGH_LOAD	0010010000010010	0000000000000000	0	0	4	0
23	5	3	goor	__UNKNOWN__	3	-1	-1	2	HIGH_LOAD	0010010000010010	0000000000000000	0	0	4	0
24	5	4	geld	__UNKNOWN__	1	-1	-1	2	HIGH_LOAD	0010010000010010	0000000000000000	0	0	4	0
24	5	4	geld	__UNKNOWN__	2	-1	-1	2	HIGH_LOAD	0010010000010010	0000000000000000	0	0	4	0
24	5	4	geld	__UNKNOWN__	3	-1	-1	2	HIGH_LOAD	0010010000010010	0000000000000000	0	0	4	0
25	5	5	jeuk	__UNKNOWN__	1	-1	-1	2	HIGH_LOAD	0010010000010010	0000000000000000	0	0	4	0
25	5	5	jeuk	__UNKNOWN__	2	-1	-1	2	HIGH_LOAD	0010010000010010	0000000000000000	0	0	4	0
25	5	5	jeuk	__UNKNOWN__	3	-1	-1	2	HIGH_LOAD	0010010000010010	0000000000000000	0	0	4	0
26	6	1	jungle	__UNKNOWN__	1	-1	-1	1	LOW_LOAD	1111000000000000	0000000000000000	0	0	4	0
26	6	1	jungle	__UNKNOWN__	2	-1	-1	1	LOW_LOAD	1111000000000000	0000000000000000	0	0	4	0
26	6	1	jungle	__UNKNOWN__	3	-1	-1	1	LOW_LOAD	1111000000000000	0000000000000000	0	0	4	0
27	6	2	blanco	__UNKNOWN__	1	-1	-1	1	LOW_LOAD	1111000000000000	0000000000000000	0	0	4	0
27	6	2	blanco	__UNKNOWN__	2	-1	-1	1	LOW_LOAD	1111000000000000	0000000000000000	0	0	4	0
27	6	2	blanco	__UNKNOWN__	3	-1	-1	1	LOW_LOAD	1111000000000000	0000000000000000	0	0	4	0
28	6	3	ik	__UNKNOWN__	1	-1	-1	1	LOW_LOAD	1111000000000000	0000000000000000	0	0	4	0
28	6	3	ik	__UNKNOWN__	2	-1	-1	1	LOW_LOAD	1111000000000000	0000000000000000	0	0	4	0
28	6	3	ik	__UNKNOWN__	3	-1	-1	1	LOW_LOAD	1111000000000000	0000000000000000	0	0	4	0
29	6	4	salami	__UNKNOWN__	1	-1	-1	1	LOW_LOAD	1111000000000000	0000000000000000	0	0	4	0
29	6	4	salami	__UNKNOWN__	2	-1	-1	1	LOW_LOAD	1111000000000000	0000000000000000	0	0	4	0
29	6	4	salami	__UNKNOWN__	3	-1	-1	1	LOW_LOAD	1111000000000000	0000000000000000	0	0	4	0
30	6	5	filter	__UNKNOWN__	1	-1	-1	1	LOW_LOAD	1111000000000000	0000000000000000	0	0	4	0
30	6	5	filter	__UNKNOWN__	2	-1	-1	1	LOW_LOAD	1111000000000000	0000000000000000	0	0	4	0
30	6	5	filter	__UNKNOWN__	3	-1	-1	1	LOW_LOAD	1111000000000000	0000000000000000	0	0	4	0
31	7	1	opinie	__UNKNOWN__	1	-1	-1	2	HIGH_LOAD	0000100000100101	0000000000000000	0	0	4	0
31	7	1	opinie	__UNKNOWN__	2	-1	-1	2	HIGH_LOAD	0000100000100101	0000000000000000	0	0	4	0
31	7	1	opinie	__UNKNOWN__	3	-1	-1	2	HIGH_LOAD	0000100000100101	0000000000000000	0	0	4	0
32	7	2	voet	__UNKNOWN__	1	-1	-1	2	HIGH_LOAD	0000100000100101	0000000000000000	0	0	4	0
32	7	2	voet	__UNKNOWN__	2	-1	-1	2	HIGH_LOAD	0000100000100101	0000000000000000	0	0	4	0
32	7	2	voet	__UNKNOWN__	3	-1	-1	2	HIGH_LOAD	0000100000100101	0000000000000000	0	0	4	0
33	7	3	pijn	__UNKNOWN__	1	-1	-1	2	HIGH_LOAD	0000100000100101	0000000000000000	0	0	4	0
33	7	3	pijn	__UNKNOWN__	2	-1	-1	2	HIGH_LOAD	0000100000100101	0000000000000000	0	0	4	0
33	7	3	pijn	__UNKNOWN__	3	-1	-1	2	HIGH_LOAD	0000100000100101	0000000000000000	0	0	4	0
34	7	4	verdriet	__UNKNOWN__	1	-1	-1	2	HIGH_LOAD	0000100000100101	0000000000000000	0	0	4	0
34	7	4	verdriet	__UNKNOWN__	2	-1	-1	2	HIGH_LOAD	0000100000100101	0000000000000000	0	0	4	0
34	7	4	verdriet	__UNKNOWN__	3	-1	-1	2	HIGH_LOAD	0000100000100101	0000000000000000	0	0	4	0
35	7	5	lasso	__UNKNOWN__	1	-1	-1	2	HIGH_LOAD	0000100000100101	0000000000000000	0	0	4	0
35	7	5	lasso	__UNKNOWN__	2	-1	-1	2	HIGH_LOAD	0000100000100101	0000000000000000	0	0	4	0
35	7	5	lasso	__UNKNOWN__	3	-1	-1	2	HIGH_LOAD	0000100000100101	0000000000000000	0	0	4	0
36	8	1	stuk	__UNKNOWN__	1	-1	-1	1	LOW_LOAD	0000111100000000	0000000000000000	0	0	4	0
36	8	1	stuk	__UNKNOWN__	2	-1	-1	1	LOW_LOAD	0000111100000000	0000000000000000	0	0	4	0
36	8	1	stuk	__UNKNOWN__	3	-1	-1	1	LOW_LOAD	0000111100000000	0000000000000000	0	0	4	0
37	8	2	al	__UNKNOWN__	1	-1	-1	1	LOW_LOAD	0000111100000000	0000000000000000	0	0	4	0
37	8	2	al	__UNKNOWN__	2	-1	-1	1	LOW_LOAD	0000111100000000	0000000000000000	0	0	4	0
37	8	2	al	__UNKNOWN__	3	-1	-1	1	LOW_LOAD	0000111100000000	0000000000000000	0	0	4	0
38	8	3	kwaad	__UNKNOWN__	1	-1	-1	1	LOW_LOAD	0000111100000000	0000000000000000	0	0	4	0
38	8	3	kwaad	__UNKNOWN__	2	-1	-1	1	LOW_LOAD	0000111100000000	0000000000000000	0	0	4	0
38	8	3	kwaad	__UNKNOWN__	3	-1	-1	1	LOW_LOAD	0000111100000000	0000000000000000	0	0	4	0
39	8	4	fier	__UNKNOWN__	1	-1	-1	1	LOW_LOAD	0000111100000000	0000000000000000	0	0	4	0
39	8	4	fier	__UNKNOWN__	2	-1	-1	1	LOW_LOAD	0000111100000000	0000000000000000	0	0	4	0
39	8	4	fier	__UNKNOWN__	3	-1	-1	1	LOW_LOAD	0000111100000000	0000000000000000	0	0	4	0
40	8	5	uitkijk	__UNKNOWN__	1	-1	-1	1	LOW_LOAD	0000111100000000	0000000000000000	0	0	4	0
40	8	5	uitkijk	__UNKNOWN__	2	-1	-1	1	LOW_LOAD	0000111100000000	0000000000000000	0	0	4	0
40	8	5	uitkijk	__UNKNOWN__	3	-1	-1	1	LOW_LOAD	0000111100000000	0000000000000000	0	0	4	0
41	9	1	dronken	__UNKNOWN__	1	-1	-1	1	LOW_LOAD	0100010001000100	0000000000000000	0	0	4	0
41	9	1	dronken	__UNKNOWN__	2	-1	-1	1	LOW_LOAD	0100010001000100	0000000000000000	0	0	4	0
41	9	1	dronken	__UNKNOWN__	3	-1	-1	1	LOW_LOAD	0100010001000100	0000000000000000	0	0	4	0
42	9	2	koprol	__UNKNOWN__	1	-1	-1	1	LOW_LOAD	0100010001000100	0000000000000000	0	0	4	0
42	9	2	koprol	__UNKNOWN__	2	-1	-1	1	LOW_LOAD	0100010001000100	0000000000000000	0	0	4	0
42	9	2	koprol	__UNKNOWN__	3	-1	-1	1	LOW_LOAD	0100010001000100	0000000000000000	0	0	4	0
43	9	3	auto	__UNKNOWN__	1	-1	-1	1	LOW_LOAD	0100010001000100	0000000000000000	0	0	4	0
43	9	3	auto	__UNKNOWN__	2	-1	-1	1	LOW_LOAD	0100010001000100	0000000000000000	0	0	4	0
43	9	3	auto	__UNKNOWN__	3	-1	-1	1	LOW_LOAD	0100010001000100	0000000000000000	0	0	4	0
44	9	4	prijzig	__UNKNOWN__	1	-1	-1	1	LOW_LOAD	0100010001000100	0000000000000000	0	0	4	0
44	9	4	prijzig	__UNKNOWN__	2	-1	-1	1	LOW_LOAD	0100010001000100	0000000000000000	0	0	4	0
44	9	4	prijzig	__UNKNOWN__	3	-1	-1	1	LOW_LOAD	0100010001000100	0000000000000000	0	0	4	0
45	9	5	baby	__UNKNOWN__	1	-1	-1	1	LOW_LOAD	0100010001000100	0000000000000000	0	0	4	0
45	9	5	baby	__UNKNOWN__	2	-1	-1	1	LOW_LOAD	0100010001000100	0000000000000000	0	0	4	0
45	9	5	baby	__UNKNOWN__	3	-1	-1	1	LOW_LOAD	0100010001000100	0000000000000000	0	0	4	0
46	10	1	rumoer	__UNKNOWN__	1	-1	-1	2	HIGH_LOAD	0000010000011010	0000000000000000	0	0	4	0
46	10	1	rumoer	__UNKNOWN__	2	-1	-1	2	HIGH_LOAD	0000010000011010	0000000000000000	0	0	4	0
46	10	1	rumoer	__UNKNOWN__	3	-1	-1	2	HIGH_LOAD	0000010000011010	0000000000000000	0	0	4	0
47	10	2	meisje	__UNKNOWN__	1	-1	-1	2	HIGH_LOAD	0000010000011010	0000000000000000	0	0	4	0
47	10	2	meisje	__UNKNOWN__	2	-1	-1	2	HIGH_LOAD	0000010000011010	0000000000000000	0	0	4	0
47	10	2	meisje	__UNKNOWN__	3	-1	-1	2	HIGH_LOAD	0000010000011010	0000000000000000	0	0	4	0
48	10	3	toxisch	__UNKNOWN__	1	-1	-1	2	HIGH_LOAD	0000010000011010	0000000000000000	0	0	4	0
48	10	3	toxisch	__UNKNOWN__	2	-1	-1	2	HIGH_LOAD	0000010000011010	0000000000000000	0	0	4	0
48	10	3	toxisch	__UNKNOWN__	3	-1	-1	2	HIGH_LOAD	0000010000011010	0000000000000000	0	0	4	0
49	10	4	eten	__UNKNOWN__	1	-1	-1	2	HIGH_LOAD	0000010000011010	0000000000000000	0	0	4	0
49	10	4	eten	__UNKNOWN__	2	-1	-1	2	HIGH_LOAD	0000010000011010	0000000000000000	0	0	4	0
49	10	4	eten	__UNKNOWN__	3	-1	-1	2	HIGH_LOAD	0000010000011010	0000000000000000	0	0	4	0
50	10	5	huis	__UNKNOWN__	1	-1	-1	2	HIGH_LOAD	0000010000011010	0000000000000000	0	0	4	0
50	10	5	huis	__UNKNOWN__	2	-1	-1	2	HIGH_LOAD	0000010000011010	0000000000000000	0	0	4	0
50	10	5	huis	__UNKNOWN__	3	-1	-1	2	HIGH_LOAD	0000010000011010	0000000000000000	0	0	4	0
51	11	1	gek	__UNKNOWN__	1	-1	-1	2	HIGH_LOAD	0010010000010100	0000000000000000	0	0	4	0
51	11	1	gek	__UNKNOWN__	2	-1	-1	2	HIGH_LOAD	0010010000010100	0000000000000000	0	0	4	0
51	11	1	gek	__UNKNOWN__	3	-1	-1	2	HIGH_LOAD	0010010000010100	0000000000000000	0	0	4	0
52	11	2	angst	__UNKNOWN__	1	-1	-1	2	HIGH_LOAD	0010010000010100	0000000000000000	0	0	4	0
52	11	2	angst	__UNKNOWN__	2	-1	-1	2	HIGH_LOAD	0010010000010100	0000000000000000	0	0	4	0
52	11	2	angst	__UNKNOWN__	3	-1	-1	2	HIGH_LOAD	0010010000010100	0000000000000000	0	0	4	0
53	11	3	splinter	__UNKNOWN__	1	-1	-1	2	HIGH_LOAD	0010010000010100	0000000000000000	0	0	4	0
53	11	3	splinter	__UNKNOWN__	2	-1	-1	2	HIGH_LOAD	0010010000010100	0000000000000000	0	0	4	0
53	11	3	splinter	__UNKNOWN__	3	-1	-1	2	HIGH_LOAD	0010010000010100	0000000000000000	0	0	4	0
54	11	4	scheel	__UNKNOWN__	1	-1	-1	2	HIGH_LOAD	0010010000010100	0000000000000000	0	0	4	0
54	11	4	scheel	__UNKNOWN__	2	-1	-1	2	HIGH_LOAD	0010010000010100	0000000000000000	0	0	4	0
54	11	4	scheel	__UNKNOWN__	3	-1	-1	2	HIGH_LOAD	0010010000010100	0000000000000000	0	0	4	0
55	11	5	water	__UNKNOWN__	1	-1	-1	2	HIGH_LOAD	0010010000010100	0000000000000000	0	0	4	0
55	11	5	water	__UNKNOWN__	2	-1	-1	2	HIGH_LOAD	0010010000010100	0000000000000000	0	0	4	0
55	11	5	water	__UNKNOWN__	3	-1	-1	2	HIGH_LOAD	0010010000010100	0000000000000000	0	0	4	0
56	12	1	gezwel	__UNKNOWN__	1	-1	-1	1	LOW_LOAD	0000000000001111	0000000000000000	0	0	4	0
56	12	1	gezwel	__UNKNOWN__	2	-1	-1	1	LOW_LOAD	0000000000001111	0000000000000000	0	0	4	0
56	12	1	gezwel	__UNKNOWN__	3	-1	-1	1	LOW_LOAD	0000000000001111	0000000000000000	0	0	4	0
57	12	2	normaal	__UNKNOWN__	1	-1	-1	1	LOW_LOAD	0000000000001111	0000000000000000	0	0	4	0
57	12	2	normaal	__UNKNOWN__	2	-1	-1	1	LOW_LOAD	0000000000001111	0000000000000000	0	0	4	0
57	12	2	normaal	__UNKNOWN__	3	-1	-1	1	LOW_LOAD	0000000000001111	0000000000000000	0	0	4	0
58	12	3	boven	__UNKNOWN__	1	-1	-1	1	LOW_LOAD	0000000000001111	0000000000000000	0	0	4	0
58	12	3	boven	__UNKNOWN__	2	-1	-1	1	LOW_LOAD	0000000000001111	0000000000000000	0	0	4	0
58	12	3	boven	__UNKNOWN__	3	-1	-1	1	LOW_LOAD	0000000000001111	0000000000000000	0	0	4	0
59	12	4	groot	__UNKNOWN__	1	-1	-1	1	LOW_LOAD	0000000000001111	0000000000000000	0	0	4	0
59	12	4	groot	__UNKNOWN__	2	-1	-1	1	LOW_LOAD	0000000000001111	0000000000000000	0	0	4	0
59	12	4	groot	__UNKNOWN__	3	-1	-1	1	LOW_LOAD	0000000000001111	0000000000000000	0	0	4	0
60	12	5	toveren	__UNKNOWN__	1	-1	-1	1	LOW_LOAD	0000000000001111	0000000000000000	0	0	4	0
60	12	5	toveren	__UNKNOWN__	2	-1	-1	1	LOW_LOAD	0000000000001111	0000000000000000	0	0	4	0
60	12	5	toveren	__UNKNOWN__	3	-1	-1	1	LOW_LOAD	0000000000001111	0000000000000000	0	0	4	0
61	13	1	lanceren	__UNKNOWN__	1	-1	-1	1	LOW_LOAD	0100010001000100	0000000000000000	0	0	4	0
61	13	1	lanceren	__UNKNOWN__	2	-1	-1	1	LOW_LOAD	0100010001000100	0000000000000000	0	0	4	0
61	13	1	lanceren	__UNKNOWN__	3	-1	-1	1	LOW_LOAD	0100010001000100	0000000000000000	0	0	4	0
62	13	2	koning	__UNKNOWN__	1	-1	-1	1	LOW_LOAD	0100010001000100	0000000000000000	0	0	4	0
62	13	2	koning	__UNKNOWN__	2	-1	-1	1	LOW_LOAD	0100010001000100	0000000000000000	0	0	4	0
62	13	2	koning	__UNKNOWN__	3	-1	-1	1	LOW_LOAD	0100010001000100	0000000000000000	0	0	4	0
63	13	3	uniek	__UNKNOWN__	1	-1	-1	1	LOW_LOAD	0100010001000100	0000000000000000	0	0	4	0
63	13	3	uniek	__UNKNOWN__	2	-1	-1	1	LOW_LOAD	0100010001000100	0000000000000000	0	0	4	0
63	13	3	uniek	__UNKNOWN__	3	-1	-1	1	LOW_LOAD	0100010001000100	0000000000000000	0	0	4	0
64	13	4	pedicure	__UNKNOWN__	1	-1	-1	1	LOW_LOAD	0100010001000100	0000000000000000	0	0	4	0
64	13	4	pedicure	__UNKNOWN__	2	-1	-1	1	LOW_LOAD	0100010001000100	0000000000000000	0	0	4	0
64	13	4	pedicure	__UNKNOWN__	3	-1	-1	1	LOW_LOAD	0100010001000100	0000000000000000	0	0	4	0
65	13	5	geeuw	__UNKNOWN__	1	-1	-1	1	LOW_LOAD	0100010001000100	0000000000000000	0	0	4	0
65	13	5	geeuw	__UNKNOWN__	2	-1	-1	1	LOW_LOAD	0100010001000100	0000000000000000	0	0	4	0
65	13	5	geeuw	__UNKNOWN__	3	-1	-1	1	LOW_LOAD	0100010001000100	0000000000000000	0	0	4	0
66	14	1	zenuwachtig	__UNKNOWN__	1	-1	-1	1	LOW_LOAD	0010001000100010	0000000000000000	0	0	4	0
66	14	1	zenuwachtig	__UNKNOWN__	2	-1	-1	1	LOW_LOAD	0010001000100010	0000000000000000	0	0	4	0
66	14	1	zenuwachtig	__UNKNOWN__	3	-1	-1	1	LOW_LOAD	0010001000100010	0000000000000000	0	0	4	0
67	14	2	oorlog	__UNKNOWN__	1	-1	-1	1	LOW_LOAD	0010001000100010	0000000000000000	0	0	4	0
67	14	2	oorlog	__UNKNOWN__	2	-1	-1	1	LOW_LOAD	0010001000100010	0000000000000000	0	0	4	0
67	14	2	oorlog	__UNKNOWN__	3	-1	-1	1	LOW_LOAD	0010001000100010	0000000000000000	0	0	4	0
68	14	3	correct	__UNKNOWN__	1	-1	-1	1	LOW_LOAD	0010001000100010	0000000000000000	0	0	4	0
68	14	3	correct	__UNKNOWN__	2	-1	-1	1	LOW_LOAD	0010001000100010	0000000000000000	0	0	4	0
68	14	3	correct	__UNKNOWN__	3	-1	-1	1	LOW_LOAD	0010001000100010	0000000000000000	0	0	4	0
69	14	4	klont	__UNKNOWN__	1	-1	-1	1	LOW_LOAD	0010001000100010	0000000000000000	0	0	4	0
69	14	4	klont	__UNKNOWN__	2	-1	-1	1	LOW_LOAD	0010001000100010	0000000000000000	0	0	4	0
69	14	4	klont	__UNKNOWN__	3	-1	-1	1	LOW_LOAD	0010001000100010	0000000000000000	0	0	4	0
70	14	5	einde	__UNKNOWN__	1	-1	-1	1	LOW_LOAD	0010001000100010	0000000000000000	0	0	4	0
70	14	5	einde	__UNKNOWN__	2	-1	-1	1	LOW_LOAD	0010001000100010	0000000000000000	0	0	4	0
70	14	5	einde	__UNKNOWN__	3	-1	-1	1	LOW_LOAD	0010001000100010	0000000000000000	0	0	4	0
71	15	1	wekken	__UNKNOWN__	1	-1	-1	2	HIGH_LOAD	1001010000000010	0000000000000000	0	0	4	0
71	15	1	wekken	__UNKNOWN__	2	-1	-1	2	HIGH_LOAD	1001010000000010	0000000000000000	0	0	4	0
71	15	1	wekken	__UNKNOWN__	3	-1	-1	2	HIGH_LOAD	1001010000000010	0000000000000000	0	0	4	0
72	15	2	huwelijk	__UNKNOWN__	1	-1	-1	2	HIGH_LOAD	1001010000000010	0000000000000000	0	0	4	0
72	15	2	huwelijk	__UNKNOWN__	2	-1	-1	2	HIGH_LOAD	1001010000000010	0000000000000000	0	0	4	0
72	15	2	huwelijk	__UNKNOWN__	3	-1	-1	2	HIGH_LOAD	1001010000000010	0000000000000000	0	0	4	0
73	15	3	schaar	__UNKNOWN__	1	-1	-1	2	HIGH_LOAD	1001010000000010	0000000000000000	0	0	4	0
73	15	3	schaar	__UNKNOWN__	2	-1	-1	2	HIGH_LOAD	1001010000000010	0000000000000000	0	0	4	0
73	15	3	schaar	__UNKNOWN__	3	-1	-1	2	HIGH_LOAD	1001010000000010	0000000000000000	0	0	4	0
74	15	4	vocaal	__UNKNOWN__	1	-1	-1	2	HIGH_LOAD	1001010000000010	0000000000000000	0	0	4	0
74	15	4	vocaal	__UNKNOWN__	2	-1	-1	2	HIGH_LOAD	1001010000000010	0000000000000000	0	0	4	0
74	15	4	vocaal	__UNKNOWN__	3	-1	-1	2	HIGH_LOAD	1001010000000010	0000000000000000	0	0	4	0
75	15	5	woord	__UNKNOWN__	1	-1	-1	2	HIGH_LOAD	1001010000000010	0000000000000000	0	0	4	0
75	15	5	woord	__UNKNOWN__	2	-1	-1	2	HIGH_LOAD	1001010000000010	0000000000000000	0	0	4	0
75	15	5	woord	__UNKNOWN__	3	-1	-1	2	HIGH_LOAD	1001010000000010	0000000000000000	0	0	4	0
76	16	1	droogte	__UNKNOWN__	1	-1	-1	1	LOW_LOAD	0000000000001111	0000000000000000	0	0	4	0
76	16	1	droogte	__UNKNOWN__	2	-1	-1	1	LOW_LOAD	0000000000001111	0000000000000000	0	0	4	0
76	16	1	droogte	__UNKNOWN__	3	-1	-1	1	LOW_LOAD	0000000000001111	0000000000000000	0	0	4	0
77	16	2	kassei	__UNKNOWN__	1	-1	-1	1	LOW_LOAD	0000000000001111	0000000000000000	0	0	4	0
77	16	2	kassei	__UNKNOWN__	2	-1	-1	1	LOW_LOAD	0000000000001111	0000000000000000	0	0	4	0
77	16	2	kassei	__UNKNOWN__	3	-1	-1	1	LOW_LOAD	0000000000001111	0000000000000000	0	0	4	0
78	16	3	bal	__UNKNOWN__	1	-1	-1	1	LOW_LOAD	0000000000001111	0000000000000000	0	0	4	0
78	16	3	bal	__UNKNOWN__	2	-1	-1	1	LOW_LOAD	0000000000001111	0000000000000000	0	0	4	0
78	16	3	bal	__UNKNOWN__	3	-1	-1	1	LOW_LOAD	0000000000001111	0000000000000000	0	0	4	0
79	16	4	wijze	__UNKNOWN__	1	-1	-1	1	LOW_LOAD	0000000000001111	0000000000000000	0	0	4	0
79	16	4	wijze	__UNKNOWN__	2	-1	-1	1	LOW_LOAD	0000000000001111	0000000000000000	0	0	4	0
79	16	4	wijze	__UNKNOWN__	3	-1	-1	1	LOW_LOAD	0000000000001111	0000000000000000	0	0	4	0
80	16	5	komedie	__UNKNOWN__	1	-1	-1	1	LOW_LOAD	0000000000001111	0000000000000000	0	0	4	0
80	16	5	komedie	__UNKNOWN__	2	-1	-1	1	LOW_LOAD	0000000000001111	0000000000000000	0	0	4	0
80	16	5	komedie	__UNKNOWN__	3	-1	-1	1	LOW_LOAD	0000000000001111	0000000000000000	0	0	4	0
81	17	1	schaap	__UNKNOWN__	1	-1	-1	2	HIGH_LOAD	0001100000010100	0000000000000000	0	0	4	0
81	17	1	schaap	__UNKNOWN__	2	-1	-1	2	HIGH_LOAD	0001100000010100	0000000000000000	0	0	4	0
81	17	1	schaap	__UNKNOWN__	3	-1	-1	2	HIGH_LOAD	0001100000010100	0000000000000000	0	0	4	0
82	17	2	begrijpen	__UNKNOWN__	1	-1	-1	2	HIGH_LOAD	0001100000010100	0000000000000000	0	0	4	0
82	17	2	begrijpen	__UNKNOWN__	2	-1	-1	2	HIGH_LOAD	0001100000010100	0000000000000000	0	0	4	0
82	17	2	begrijpen	__UNKNOWN__	3	-1	-1	2	HIGH_LOAD	0001100000010100	0000000000000000	0	0	4	0
83	17	3	ieder	__UNKNOWN__	1	-1	-1	2	HIGH_LOAD	0001100000010100	0000000000000000	0	0	4	0
83	17	3	ieder	__UNKNOWN__	2	-1	-1	2	HIGH_LOAD	0001100000010100	0000000000000000	0	0	4	0
83	17	3	ieder	__UNKNOWN__	3	-1	-1	2	HIGH_LOAD	0001100000010100	0000000000000000	0	0	4	0
84	17	4	selectie	__UNKNOWN__	1	-1	-1	2	HIGH_LOAD	0001100000010100	0000000000000000	0	0	4	0
84	17	4	selectie	__UNKNOWN__	2	-1	-1	2	HIGH_LOAD	0001100000010100	0000000000000000	0	0	4	0
84	17	4	selectie	__UNKNOWN__	3	-1	-1	2	HIGH_LOAD	0001100000010100	0000000000000000	0	0	4	0
85	17	5	toe	__UNKNOWN__	1	-1	-1	2	HIGH_LOAD	0001100000010100	0000000000000000	0	0	4	0
85	17	5	toe	__UNKNOWN__	2	-1	-1	2	HIGH_LOAD	0001100000010100	0000000000000000	0	0	4	0
85	17	5	toe	__UNKNOWN__	3	-1	-1	2	HIGH_LOAD	0001100000010100	0000000000000000	0	0	4	0
86	18	1	kluit	__UNKNOWN__	1	-1	-1	2	HIGH_LOAD	0001010010000010	0000000000000000	0	0	4	0
86	18	1	kluit	__UNKNOWN__	2	-1	-1	2	HIGH_LOAD	0001010010000010	0000000000000000	0	0	4	0
86	18	1	kluit	__UNKNOWN__	3	-1	-1	2	HIGH_LOAD	0001010010000010	0000000000000000	0	0	4	0
87	18	2	antwoord	__UNKNOWN__	1	-1	-1	2	HIGH_LOAD	0001010010000010	0000000000000000	0	0	4	0
87	18	2	antwoord	__UNKNOWN__	2	-1	-1	2	HIGH_LOAD	0001010010000010	0000000000000000	0	0	4	0
87	18	2	antwoord	__UNKNOWN__	3	-1	-1	2	HIGH_LOAD	0001010010000010	0000000000000000	0	0	4	0
88	18	3	oktober	__UNKNOWN__	1	-1	-1	2	HIGH_LOAD	0001010010000010	0000000000000000	0	0	4	0
88	18	3	oktober	__UNKNOWN__	2	-1	-1	2	HIGH_LOAD	0001010010000010	0000000000000000	0	0	4	0
88	18	3	oktober	__UNKNOWN__	3	-1	-1	2	HIGH_LOAD	0001010010000010	0000000000000000	0	0	4	0
89	18	4	vaak	__UNKNOWN__	1	-1	-1	2	HIGH_LOAD	0001010010000010	0000000000000000	0	0	4	0
89	18	4	vaak	__UNKNOWN__	2	-1	-1	2	HIGH_LOAD	0001010010000010	0000000000000000	0	0	4	0
89	18	4	vaak	__UNKNOWN__	3	-1	-1	2	HIGH_LOAD	0001010010000010	0000000000000000	0	0	4	0
90	18	5	non	__UNKNOWN__	1	-1	-1	2	HIGH_LOAD	0001010010000010	0000000000000000	0	0	4	0
90	18	5	non	__UNKNOWN__	2	-1	-1	2	HIGH_LOAD	0001010010000010	0000000000000000	0	0	4	0
90	18	5	non	__UNKNOWN__	3	-1	-1	2	HIGH_LOAD	0001010010000010	0000000000000000	0	0	4	0
91	19	1	warm	__UNKNOWN__	1	-1	-1	1	LOW_LOAD	1111000000000000	0000000000000000	0	0	4	0
91	19	1	warm	__UNKNOWN__	2	-1	-1	1	LOW_LOAD	1111000000000000	0000000000000000	0	0	4	0
91	19	1	warm	__UNKNOWN__	3	-1	-1	1	LOW_LOAD	1111000000000000	0000000000000000	0	0	4	0
92	19	2	keurig	__UNKNOWN__	1	-1	-1	1	LOW_LOAD	1111000000000000	0000000000000000	0	0	4	0
92	19	2	keurig	__UNKNOWN__	2	-1	-1	1	LOW_LOAD	1111000000000000	0000000000000000	0	0	4	0
92	19	2	keurig	__UNKNOWN__	3	-1	-1	1	LOW_LOAD	1111000000000000	0000000000000000	0	0	4	0
93	19	3	lekker	__UNKNOWN__	1	-1	-1	1	LOW_LOAD	1111000000000000	0000000000000000	0	0	4	0
93	19	3	lekker	__UNKNOWN__	2	-1	-1	1	LOW_LOAD	1111000000000000	0000000000000000	0	0	4	0
93	19	3	lekker	__UNKNOWN__	3	-1	-1	1	LOW_LOAD	1111000000000000	0000000000000000	0	0	4	0
94	19	4	vrouw	__UNKNOWN__	1	-1	-1	1	LOW_LOAD	1111000000000000	0000000000000000	0	0	4	0
94	19	4	vrouw	__UNKNOWN__	2	-1	-1	1	LOW_LOAD	1111000000000000	0000000000000000	0	0	4	0
94	19	4	vrouw	__UNKNOWN__	3	-1	-1	1	LOW_LOAD	1111000000000000	0000000000000000	0	0	4	0
95	19	5	koud	__UNKNOWN__	1	-1	-1	1	LOW_LOAD	1111000000000000	0000000000000000	0	0	4	0
95	19	5	koud	__UNKNOWN__	2	-1	-1	1	LOW_LOAD	1111000000000000	0000000000000000	0	0	4	0
95	19	5	koud	__UNKNOWN__	3	-1	-1	1	LOW_LOAD	1111000000000000	0000000000000000	0	0	4	0
96	20	1	lang	__UNKNOWN__	1	-1	-1	1	LOW_LOAD	0100010001000100	0000000000000000	0	0	4	0
96	20	1	lang	__UNKNOWN__	2	-1	-1	1	LOW_LOAD	0100010001000100	0000000000000000	0	0	4	0
96	20	1	lang	__UNKNOWN__	3	-1	-1	1	LOW_LOAD	0100010001000100	0000000000000000	0	0	4	0
97	20	2	bier	__UNKNOWN__	1	-1	-1	1	LOW_LOAD	0100010001000100	0000000000000000	0	0	4	0
97	20	2	bier	__UNKNOWN__	2	-1	-1	1	LOW_LOAD	0100010001000100	0000000000000000	0	0	4	0
97	20	2	bier	__UNKNOWN__	3	-1	-1	1	LOW_LOAD	0100010001000100	0000000000000000	0	0	4	0
98	20	3	vlok	__UNKNOWN__	1	-1	-1	1	LOW_LOAD	0100010001000100	0000000000000000	0	0	4	0
98	20	3	vlok	__UNKNOWN__	2	-1	-1	1	LOW_LOAD	0100010001000100	0000000000000000	0	0	4	0
98	20	3	vlok	__UNKNOWN__	3	-1	-1	1	LOW_LOAD	0100010001000100	0000000000000000	0	0	4	0
99	20	4	snel	__UNKNOWN__	1	-1	-1	1	LOW_LOAD	0100010001000100	0000000000000000	0	0	4	0
99	20	4	snel	__UNKNOWN__	2	-1	-1	1	LOW_LOAD	0100010001000100	0000000000000000	0	0	4	0
99	20	4	snel	__UNKNOWN__	3	-1	-1	1	LOW_LOAD	0100010001000100	0000000000000000	0	0	4	0
100	20	5	vertaler	__UNKNOWN__	1	-1	-1	1	LOW_LOAD	0100010001000100	0000000000000000	0	0	4	0
100	20	5	vertaler	__UNKNOWN__	2	-1	-1	1	LOW_LOAD	0100010001000100	0000000000000000	0	0	4	0
100	20	5	vertaler	__UNKNOWN__	3	-1	-1	1	LOW_LOAD	0100010001000100	0000000000000000	0	0	4	0
101	21	1	slapen	__UNKNOWN__	1	-1	-1	1	LOW_LOAD	0100010001000100	0000000000000000	0	0	4	0
101	21	1	slapen	__UNKNOWN__	2	-1	-1	1	LOW_LOAD	0100010001000100	0000000000000000	0	0	4	0
101	21	1	slapen	__UNKNOWN__	3	-1	-1	1	LOW_LOAD	0100010001000100	0000000000000000	0	0	4	0
102	21	2	panda	__UNKNOWN__	1	-1	-1	1	LOW_LOAD	0100010001000100	0000000000000000	0	0	4	0
102	21	2	panda	__UNKNOWN__	2	-1	-1	1	LOW_LOAD	0100010001000100	0000000000000000	0	0	4	0
102	21	2	panda	__UNKNOWN__	3	-1	-1	1	LOW_LOAD	0100010001000100	0000000000000000	0	0	4	0
103	21	3	boot	__UNKNOWN__	1	-1	-1	1	LOW_LOAD	0100010001000100	0000000000000000	0	0	4	0
103	21	3	boot	__UNKNOWN__	2	-1	-1	1	LOW_LOAD	0100010001000100	0000000000000000	0	0	4	0
103	21	3	boot	__UNKNOWN__	3	-1	-1	1	LOW_LOAD	0100010001000100	0000000000000000	0	0	4	0
104	21	4	pek	__UNKNOWN__	1	-1	-1	1	LOW_LOAD	0100010001000100	0000000000000000	0	0	4	0
104	21	4	pek	__UNKNOWN__	2	-1	-1	1	LOW_LOAD	0100010001000100	0000000000000000	0	0	4	0
104	21	4	pek	__UNKNOWN__	3	-1	-1	1	LOW_LOAD	0100010001000100	0000000000000000	0	0	4	0
105	21	5	kalm	__UNKNOWN__	1	-1	-1	1	LOW_LOAD	0100010001000100	0000000000000000	0	0	4	0
105	21	5	kalm	__UNKNOWN__	2	-1	-1	1	LOW_LOAD	0100010001000100	0000000000000000	0	0	4	0
105	21	5	kalm	__UNKNOWN__	3	-1	-1	1	LOW_LOAD	0100010001000100	0000000000000000	0	0	4	0
106	22	1	likeur	__UNKNOWN__	1	-1	-1	1	LOW_LOAD	0000000011110000	0000000000000000	0	0	4	0
106	22	1	likeur	__UNKNOWN__	2	-1	-1	1	LOW_LOAD	0000000011110000	0000000000000000	0	0	4	0
106	22	1	likeur	__UNKNOWN__	3	-1	-1	1	LOW_LOAD	0000000011110000	0000000000000000	0	0	4	0
107	22	2	roddel	__UNKNOWN__	1	-1	-1	1	LOW_LOAD	0000000011110000	0000000000000000	0	0	4	0
107	22	2	roddel	__UNKNOWN__	2	-1	-1	1	LOW_LOAD	0000000011110000	0000000000000000	0	0	4	0
107	22	2	roddel	__UNKNOWN__	3	-1	-1	1	LOW_LOAD	0000000011110000	0000000000000000	0	0	4	0
108	22	3	heel	__UNKNOWN__	1	-1	-1	1	LOW_LOAD	0000000011110000	0000000000000000	0	0	4	0
108	22	3	heel	__UNKNOWN__	2	-1	-1	1	LOW_LOAD	0000000011110000	0000000000000000	0	0	4	0
108	22	3	heel	__UNKNOWN__	3	-1	-1	1	LOW_LOAD	0000000011110000	0000000000000000	0	0	4	0
109	22	4	mist	__UNKNOWN__	1	-1	-1	1	LOW_LOAD	0000000011110000	0000000000000000	0	0	4	0
109	22	4	mist	__UNKNOWN__	2	-1	-1	1	LOW_LOAD	0000000011110000	0000000000000000	0	0	4	0
109	22	4	mist	__UNKNOWN__	3	-1	-1	1	LOW_LOAD	0000000011110000	0000000000000000	0	0	4	0
110	22	5	pest	__UNKNOWN__	1	-1	-1	1	LOW_LOAD	0000000011110000	0000000000000000	0	0	4	0
110	22	5	pest	__UNKNOWN__	2	-1	-1	1	LOW_LOAD	0000000011110000	0000000000000000	0	0	4	0
110	22	5	pest	__UNKNOWN__	3	-1	-1	1	LOW_LOAD	0000000011110000	0000000000000000	0	0	4	0
111	23	1	man	__UNKNOWN__	1	-1	-1	2	HIGH_LOAD	1010000100000100	0000000000000000	0	0	4	0
111	23	1	man	__UNKNOWN__	2	-1	-1	2	HIGH_LOAD	1010000100000100	0000000000000000	0	0	4	0
111	23	1	man	__UNKNOWN__	3	-1	-1	2	HIGH_LOAD	1010000100000100	0000000000000000	0	0	4	0
112	23	2	foto	__UNKNOWN__	1	-1	-1	2	HIGH_LOAD	1010000100000100	0000000000000000	0	0	4	0
112	23	2	foto	__UNKNOWN__	2	-1	-1	2	HIGH_LOAD	1010000100000100	0000000000000000	0	0	4	0
112	23	2	foto	__UNKNOWN__	3	-1	-1	2	HIGH_LOAD	1010000100000100	0000000000000000	0	0	4	0
113	23	3	kruimel	__UNKNOWN__	1	-1	-1	2	HIGH_LOAD	1010000100000100	0000000000000000	0	0	4	0
113	23	3	kruimel	__UNKNOWN__	2	-1	-1	2	HIGH_LOAD	1010000100000100	0000000000000000	0	0	4	0
113	23	3	kruimel	__UNKNOWN__	3	-1	-1	2	HIGH_LOAD	1010000100000100	0000000000000000	0	0	4	0
114	23	4	samen	__UNKNOWN__	1	-1	-1	2	HIGH_LOAD	1010000100000100	0000000000000000	0	0	4	0
114	23	4	samen	__UNKNOWN__	2	-1	-1	2	HIGH_LOAD	1010000100000100	0000000000000000	0	0	4	0
114	23	4	samen	__UNKNOWN__	3	-1	-1	2	HIGH_LOAD	1010000100000100	0000000000000000	0	0	4	0
115	23	5	nat	__UNKNOWN__	1	-1	-1	2	HIGH_LOAD	1010000100000100	0000000000000000	0	0	4	0
115	23	5	nat	__UNKNOWN__	2	-1	-1	2	HIGH_LOAD	1010000100000100	0000000000000000	0	0	4	0
115	23	5	nat	__UNKNOWN__	3	-1	-1	2	HIGH_LOAD	1010000100000100	0000000000000000	0	0	4	0
116	24	1	tragedie	__UNKNOWN__	1	-1	-1	2	HIGH_LOAD	0100001010000001	0000000000000000	0	0	4	0
116	24	1	tragedie	__UNKNOWN__	2	-1	-1	2	HIGH_LOAD	0100001010000001	0000000000000000	0	0	4	0
116	24	1	tragedie	__UNKNOWN__	3	-1	-1	2	HIGH_LOAD	0100001010000001	0000000000000000	0	0	4	0
117	24	2	winkel	__UNKNOWN__	1	-1	-1	2	HIGH_LOAD	0100001010000001	0000000000000000	0	0	4	0
117	24	2	winkel	__UNKNOWN__	2	-1	-1	2	HIGH_LOAD	0100001010000001	0000000000000000	0	0	4	0
117	24	2	winkel	__UNKNOWN__	3	-1	-1	2	HIGH_LOAD	0100001010000001	0000000000000000	0	0	4	0
118	24	3	concert	__UNKNOWN__	1	-1	-1	2	HIGH_LOAD	0100001010000001	0000000000000000	0	0	4	0
118	24	3	concert	__UNKNOWN__	2	-1	-1	2	HIGH_LOAD	0100001010000001	0000000000000000	0	0	4	0
118	24	3	concert	__UNKNOWN__	3	-1	-1	2	HIGH_LOAD	0100001010000001	0000000000000000	0	0	4	0
119	24	4	ratel	__UNKNOWN__	1	-1	-1	2	HIGH_LOAD	0100001010000001	0000000000000000	0	0	4	0
119	24	4	ratel	__UNKNOWN__	2	-1	-1	2	HIGH_LOAD	0100001010000001	0000000000000000	0	0	4	0
119	24	4	ratel	__UNKNOWN__	3	-1	-1	2	HIGH_LOAD	0100001010000001	0000000000000000	0	0	4	0
120	24	5	getal	__UNKNOWN__	1	-1	-1	2	HIGH_LOAD	0100001010000001	0000000000000000	0	0	4	0
120	24	5	getal	__UNKNOWN__	2	-1	-1	2	HIGH_LOAD	0100001010000001	0000000000000000	0	0	4	0
120	24	5	getal	__UNKNOWN__	3	-1	-1	2	HIGH_LOAD	0100001010000001	0000000000000000	0	0	4	0
