trialNb	groupNb	indexInGroup	cue	association	assoNb	timeToFirstKeypress	timeToSubmission	list	set	load	original_pattern	reproduced_pattern	correct	hits	misses	falseAlarms
1	1	1	vlok	NO_RESPONSE	1	-1	-1	2	1	HIGH_LOAD	0010000001001001	0000000000000000	0	0	4	0
1	1	1	vlok	NO_RESPONSE	2	-1	-1	2	1	HIGH_LOAD	0010000001001001	0000000000000000	0	0	4	0
1	1	1	vlok	NO_RESPONSE	3	-1	-1	2	1	HIGH_LOAD	0010000001001001	0000000000000000	0	0	4	0
2	1	2	refrein	NO_RESPONSE	1	-1	-1	2	1	HIGH_LOAD	0010000001001001	0000000000000000	0	0	4	0
2	1	2	refrein	NO_RESPONSE	2	-1	-1	2	1	HIGH_LOAD	0010000001001001	0000000000000000	0	0	4	0
2	1	2	refrein	NO_RESPONSE	3	-1	-1	2	1	HIGH_LOAD	0010000001001001	0000000000000000	0	0	4	0
3	1	3	koud	NO_RESPONSE	1	-1	-1	2	1	HIGH_LOAD	0010000001001001	0000000000000000	0	0	4	0
3	1	3	koud	NO_RESPONSE	2	-1	-1	2	1	HIGH_LOAD	0010000001001001	0000000000000000	0	0	4	0
3	1	3	koud	NO_RESPONSE	3	-1	-1	2	1	HIGH_LOAD	0010000001001001	0000000000000000	0	0	4	0
4	1	4	giftig	NO_RESPONSE	1	-1	-1	2	1	HIGH_LOAD	0010000001001001	0000000000000000	0	0	4	0
4	1	4	giftig	NO_RESPONSE	2	-1	-1	2	1	HIGH_LOAD	0010000001001001	0000000000000000	0	0	4	0
4	1	4	giftig	NO_RESPONSE	3	-1	-1	2	1	HIGH_LOAD	0010000001001001	0000000000000000	0	0	4	0
5	1	5	gezwel	NO_RESPONSE	1	-1	-1	2	1	HIGH_LOAD	0010000001001001	0000000000000000	0	0	4	0
5	1	5	gezwel	NO_RESPONSE	2	-1	-1	2	1	HIGH_LOAD	0010000001001001	0000000000000000	0	0	4	0
5	1	5	gezwel	NO_RESPONSE	3	-1	-1	2	1	HIGH_LOAD	0010000001001001	0000000000000000	0	0	4	0
6	2	1	zet	NO_RESPONSE	1	-1	-1	1	1	LOW_LOAD	0000000000001111	0000000000000000	0	0	4	0
6	2	1	zet	NO_RESPONSE	2	-1	-1	1	1	LOW_LOAD	0000000000001111	0000000000000000	0	0	4	0
6	2	1	zet	NO_RESPONSE	3	-1	-1	1	1	LOW_LOAD	0000000000001111	0000000000000000	0	0	4	0
7	2	2	normaal	NO_RESPONSE	1	-1	-1	1	1	LOW_LOAD	0000000000001111	0000000000000000	0	0	4	0
7	2	2	normaal	NO_RESPONSE	2	-1	-1	1	1	LOW_LOAD	0000000000001111	0000000000000000	0	0	4	0
7	2	2	normaal	NO_RESPONSE	3	-1	-1	1	1	LOW_LOAD	0000000000001111	0000000000000000	0	0	4	0
8	2	3	prijzig	NO_RESPONSE	1	-1	-1	1	1	LOW_LOAD	0000000000001111	0000000000000000	0	0	4	0
8	2	3	prijzig	NO_RESPONSE	2	-1	-1	1	1	LOW_LOAD	0000000000001111	0000000000000000	0	0	4	0
8	2	3	prijzig	NO_RESPONSE	3	-1	-1	1	1	LOW_LOAD	0000000000001111	0000000000000000	0	0	4	0
9	2	4	huwelijk	NO_RESPONSE	1	-1	-1	1	1	LOW_LOAD	0000000000001111	0000000000000000	0	0	4	0
9	2	4	huwelijk	NO_RESPONSE	2	-1	-1	1	1	LOW_LOAD	0000000000001111	0000000000000000	0	0	4	0
9	2	4	huwelijk	NO_RESPONSE	3	-1	-1	1	1	LOW_LOAD	0000000000001111	0000000000000000	0	0	4	0
10	2	5	vrezen	NO_RESPONSE	1	-1	-1	1	1	LOW_LOAD	0000000000001111	0000000000000000	0	0	4	0
10	2	5	vrezen	NO_RESPONSE	2	-1	-1	1	1	LOW_LOAD	0000000000001111	0000000000000000	0	0	4	0
10	2	5	vrezen	NO_RESPONSE	3	-1	-1	1	1	LOW_LOAD	0000000000001111	0000000000000000	0	0	4	0
11	3	1	lasso	NO_RESPONSE	1	-1	-1	2	1	HIGH_LOAD	0100000110000100	0000000000000000	0	0	4	0
11	3	1	lasso	NO_RESPONSE	2	-1	-1	2	1	HIGH_LOAD	0100000110000100	0000000000000000	0	0	4	0
11	3	1	lasso	NO_RESPONSE	3	-1	-1	2	1	HIGH_LOAD	0100000110000100	0000000000000000	0	0	4	0
12	3	2	toren	NO_RESPONSE	1	-1	-1	2	1	HIGH_LOAD	0100000110000100	0000000000000000	0	0	4	0
12	3	2	toren	NO_RESPONSE	2	-1	-1	2	1	HIGH_LOAD	0100000110000100	0000000000000000	0	0	4	0
12	3	2	toren	NO_RESPONSE	3	-1	-1	2	1	HIGH_LOAD	0100000110000100	0000000000000000	0	0	4	0
13	3	3	oerwoud	NO_RESPONSE	1	-1	-1	2	1	HIGH_LOAD	0100000110000100	0000000000000000	0	0	4	0
13	3	3	oerwoud	NO_RESPONSE	2	-1	-1	2	1	HIGH_LOAD	0100000110000100	0000000000000000	0	0	4	0
13	3	3	oerwoud	NO_RESPONSE	3	-1	-1	2	1	HIGH_LOAD	0100000110000100	0000000000000000	0	0	4	0
14	3	4	filter	NO_RESPONSE	1	-1	-1	2	1	HIGH_LOAD	0100000110000100	0000000000000000	0	0	4	0
14	3	4	filter	NO_RESPONSE	2	-1	-1	2	1	HIGH_LOAD	0100000110000100	0000000000000000	0	0	4	0
14	3	4	filter	NO_RESPONSE	3	-1	-1	2	1	HIGH_LOAD	0100000110000100	0000000000000000	0	0	4	0
15	3	5	afloop	NO_RESPONSE	1	-1	-1	2	1	HIGH_LOAD	0100000110000100	0000000000000000	0	0	4	0
15	3	5	afloop	NO_RESPONSE	2	-1	-1	2	1	HIGH_LOAD	0100000110000100	0000000000000000	0	0	4	0
15	3	5	afloop	NO_RESPONSE	3	-1	-1	2	1	HIGH_LOAD	0100000110000100	0000000000000000	0	0	4	0
16	4	1	rustig	NO_RESPONSE	1	-1	-1	1	1	LOW_LOAD	0000000000001111	0000000000000000	0	0	4	0
16	4	1	rustig	NO_RESPONSE	2	-1	-1	1	1	LOW_LOAD	0000000000001111	0000000000000000	0	0	4	0
16	4	1	rustig	NO_RESPONSE	3	-1	-1	1	1	LOW_LOAD	0000000000001111	0000000000000000	0	0	4	0
17	4	2	pek	NO_RESPONSE	1	-1	-1	1	1	LOW_LOAD	0000000000001111	0000000000000000	0	0	4	0
17	4	2	pek	NO_RESPONSE	2	-1	-1	1	1	LOW_LOAD	0000000000001111	0000000000000000	0	0	4	0
17	4	2	pek	NO_RESPONSE	3	-1	-1	1	1	LOW_LOAD	0000000000001111	0000000000000000	0	0	4	0
18	4	3	roddel	NO_RESPONSE	1	-1	-1	1	1	LOW_LOAD	0000000000001111	0000000000000000	0	0	4	0
18	4	3	roddel	NO_RESPONSE	2	-1	-1	1	1	LOW_LOAD	0000000000001111	0000000000000000	0	0	4	0
18	4	3	roddel	NO_RESPONSE	3	-1	-1	1	1	LOW_LOAD	0000000000001111	0000000000000000	0	0	4	0
19	4	4	bier	NO_RESPONSE	1	-1	-1	1	1	LOW_LOAD	0000000000001111	0000000000000000	0	0	4	0
19	4	4	bier	NO_RESPONSE	2	-1	-1	1	1	LOW_LOAD	0000000000001111	0000000000000000	0	0	4	0
19	4	4	bier	NO_RESPONSE	3	-1	-1	1	1	LOW_LOAD	0000000000001111	0000000000000000	0	0	4	0
20	4	5	voeten	NO_RESPONSE	1	-1	-1	1	1	LOW_LOAD	0000000000001111	0000000000000000	0	0	4	0
20	4	5	voeten	NO_RESPONSE	2	-1	-1	1	1	LOW_LOAD	0000000000001111	0000000000000000	0	0	4	0
20	4	5	voeten	NO_RESPONSE	3	-1	-1	1	1	LOW_LOAD	0000000000001111	0000000000000000	0	0	4	0
21	5	1	tolk	NO_RESPONSE	1	-1	-1	2	1	HIGH_LOAD	0001100000100100	0000000000000000	0	0	4	0
21	5	1	tolk	NO_RESPONSE	2	-1	-1	2	1	HIGH_LOAD	0001100000100100	0000000000000000	0	0	4	0
21	5	1	tolk	NO_RESPONSE	3	-1	-1	2	1	HIGH_LOAD	0001100000100100	0000000000000000	0	0	4	0
22	5	2	selectie	NO_RESPONSE	1	-1	-1	2	1	HIGH_LOAD	0001100000100100	0000000000000000	0	0	4	0
22	5	2	selectie	NO_RESPONSE	2	-1	-1	2	1	HIGH_LOAD	0001100000100100	0000000000000000	0	0	4	0
22	5	2	selectie	NO_RESPONSE	3	-1	-1	2	1	HIGH_LOAD	0001100000100100	0000000000000000	0	0	4	0
23	5	3	foto	NO_RESPONSE	1	-1	-1	2	1	HIGH_LOAD	0001100000100100	0000000000000000	0	0	4	0
23	5	3	foto	NO_RESPONSE	2	-1	-1	2	1	HIGH_LOAD	0001100000100100	0000000000000000	0	0	4	0
23	5	3	foto	NO_RESPONSE	3	-1	-1	2	1	HIGH_LOAD	0001100000100100	0000000000000000	0	0	4	0
24	5	4	stralen	NO_RESPONSE	1	-1	-1	2	1	HIGH_LOAD	0001100000100100	0000000000000000	0	0	4	0
24	5	4	stralen	NO_RESPONSE	2	-1	-1	2	1	HIGH_LOAD	0001100000100100	0000000000000000	0	0	4	0
24	5	4	stralen	NO_RESPONSE	3	-1	-1	2	1	HIGH_LOAD	0001100000100100	0000000000000000	0	0	4	0
25	5	5	ruim	NO_RESPONSE	1	-1	-1	2	1	HIGH_LOAD	0001100000100100	0000000000000000	0	0	4	0
25	5	5	ruim	NO_RESPONSE	2	-1	-1	2	1	HIGH_LOAD	0001100000100100	0000000000000000	0	0	4	0
25	5	5	ruim	NO_RESPONSE	3	-1	-1	2	1	HIGH_LOAD	0001100000100100	0000000000000000	0	0	4	0
26	6	1	scheel	NO_RESPONSE	1	-1	-1	1	1	LOW_LOAD	1111000000000000	0000000000000000	0	0	4	0
26	6	1	scheel	NO_RESPONSE	2	-1	-1	1	1	LOW_LOAD	1111000000000000	0000000000000000	0	0	4	0
26	6	1	scheel	NO_RESPONSE	3	-1	-1	1	1	LOW_LOAD	1111000000000000	0000000000000000	0	0	4	0
27	6	2	takel	NO_RESPONSE	1	-1	-1	1	1	LOW_LOAD	1111000000000000	0000000000000000	0	0	4	0
27	6	2	takel	NO_RESPONSE	2	-1	-1	1	1	LOW_LOAD	1111000000000000	0000000000000000	0	0	4	0
27	6	2	takel	NO_RESPONSE	3	-1	-1	1	1	LOW_LOAD	1111000000000000	0000000000000000	0	0	4	0
28	6	3	stem	NO_RESPONSE	1	-1	-1	1	1	LOW_LOAD	1111000000000000	0000000000000000	0	0	4	0
28	6	3	stem	NO_RESPONSE	2	-1	-1	1	1	LOW_LOAD	1111000000000000	0000000000000000	0	0	4	0
28	6	3	stem	NO_RESPONSE	3	-1	-1	1	1	LOW_LOAD	1111000000000000	0000000000000000	0	0	4	0
29	6	4	geld	NO_RESPONSE	1	-1	-1	1	1	LOW_LOAD	1111000000000000	0000000000000000	0	0	4	0
29	6	4	geld	NO_RESPONSE	2	-1	-1	1	1	LOW_LOAD	1111000000000000	0000000000000000	0	0	4	0
29	6	4	geld	NO_RESPONSE	3	-1	-1	1	1	LOW_LOAD	1111000000000000	0000000000000000	0	0	4	0
30	6	5	gauw	NO_RESPONSE	1	-1	-1	1	1	LOW_LOAD	1111000000000000	0000000000000000	0	0	4	0
30	6	5	gauw	NO_RESPONSE	2	-1	-1	1	1	LOW_LOAD	1111000000000000	0000000000000000	0	0	4	0
30	6	5	gauw	NO_RESPONSE	3	-1	-1	1	1	LOW_LOAD	1111000000000000	0000000000000000	0	0	4	0
31	7	1	vies	NO_RESPONSE	1	-1	-1	1	1	LOW_LOAD	0001000100010001	0000000000000000	0	0	4	0
31	7	1	vies	NO_RESPONSE	2	-1	-1	1	1	LOW_LOAD	0001000100010001	0000000000000000	0	0	4	0
31	7	1	vies	NO_RESPONSE	3	-1	-1	1	1	LOW_LOAD	0001000100010001	0000000000000000	0	0	4	0
32	7	2	pest	NO_RESPONSE	1	-1	-1	1	1	LOW_LOAD	0001000100010001	0000000000000000	0	0	4	0
32	7	2	pest	NO_RESPONSE	2	-1	-1	1	1	LOW_LOAD	0001000100010001	0000000000000000	0	0	4	0
32	7	2	pest	NO_RESPONSE	3	-1	-1	1	1	LOW_LOAD	0001000100010001	0000000000000000	0	0	4	0
33	7	3	bliksem	NO_RESPONSE	1	-1	-1	1	1	LOW_LOAD	0001000100010001	0000000000000000	0	0	4	0
33	7	3	bliksem	NO_RESPONSE	2	-1	-1	1	1	LOW_LOAD	0001000100010001	0000000000000000	0	0	4	0
33	7	3	bliksem	NO_RESPONSE	3	-1	-1	1	1	LOW_LOAD	0001000100010001	0000000000000000	0	0	4	0
34	7	4	gevaarlijk	NO_RESPONSE	1	-1	-1	1	1	LOW_LOAD	0001000100010001	0000000000000000	0	0	4	0
34	7	4	gevaarlijk	NO_RESPONSE	2	-1	-1	1	1	LOW_LOAD	0001000100010001	0000000000000000	0	0	4	0
34	7	4	gevaarlijk	NO_RESPONSE	3	-1	-1	1	1	LOW_LOAD	0001000100010001	0000000000000000	0	0	4	0
35	7	5	kwaad	NO_RESPONSE	1	-1	-1	1	1	LOW_LOAD	0001000100010001	0000000000000000	0	0	4	0
35	7	5	kwaad	NO_RESPONSE	2	-1	-1	1	1	LOW_LOAD	0001000100010001	0000000000000000	0	0	4	0
35	7	5	kwaad	NO_RESPONSE	3	-1	-1	1	1	LOW_LOAD	0001000100010001	0000000000000000	0	0	4	0
36	8	1	lang	NO_RESPONSE	1	-1	-1	1	1	LOW_LOAD	0000111100000000	0000000000000000	0	0	4	0
36	8	1	lang	NO_RESPONSE	2	-1	-1	1	1	LOW_LOAD	0000111100000000	0000000000000000	0	0	4	0
36	8	1	lang	NO_RESPONSE	3	-1	-1	1	1	LOW_LOAD	0000111100000000	0000000000000000	0	0	4	0
37	8	2	verstaan	NO_RESPONSE	1	-1	-1	1	1	LOW_LOAD	0000111100000000	0000000000000000	0	0	4	0
37	8	2	verstaan	NO_RESPONSE	2	-1	-1	1	1	LOW_LOAD	0000111100000000	0000000000000000	0	0	4	0
37	8	2	verstaan	NO_RESPONSE	3	-1	-1	1	1	LOW_LOAD	0000111100000000	0000000000000000	0	0	4	0
38	8	3	lanceren	NO_RESPONSE	1	-1	-1	1	1	LOW_LOAD	0000111100000000	0000000000000000	0	0	4	0
38	8	3	lanceren	NO_RESPONSE	2	-1	-1	1	1	LOW_LOAD	0000111100000000	0000000000000000	0	0	4	0
38	8	3	lanceren	NO_RESPONSE	3	-1	-1	1	1	LOW_LOAD	0000111100000000	0000000000000000	0	0	4	0
39	8	4	krabben	NO_RESPONSE	1	-1	-1	1	1	LOW_LOAD	0000111100000000	0000000000000000	0	0	4	0
39	8	4	krabben	NO_RESPONSE	2	-1	-1	1	1	LOW_LOAD	0000111100000000	0000000000000000	0	0	4	0
39	8	4	krabben	NO_RESPONSE	3	-1	-1	1	1	LOW_LOAD	0000111100000000	0000000000000000	0	0	4	0
40	8	5	slapen	NO_RESPONSE	1	-1	-1	1	1	LOW_LOAD	0000111100000000	0000000000000000	0	0	4	0
40	8	5	slapen	NO_RESPONSE	2	-1	-1	1	1	LOW_LOAD	0000111100000000	0000000000000000	0	0	4	0
40	8	5	slapen	NO_RESPONSE	3	-1	-1	1	1	LOW_LOAD	0000111100000000	0000000000000000	0	0	4	0
41	9	1	schaap	NO_RESPONSE	1	-1	-1	2	1	HIGH_LOAD	0100001010000001	0000000000000000	0	0	4	0
41	9	1	schaap	NO_RESPONSE	2	-1	-1	2	1	HIGH_LOAD	0100001010000001	0000000000000000	0	0	4	0
41	9	1	schaap	NO_RESPONSE	3	-1	-1	2	1	HIGH_LOAD	0100001010000001	0000000000000000	0	0	4	0
42	9	2	hout	NO_RESPONSE	1	-1	-1	2	1	HIGH_LOAD	0100001010000001	0000000000000000	0	0	4	0
42	9	2	hout	NO_RESPONSE	2	-1	-1	2	1	HIGH_LOAD	0100001010000001	0000000000000000	0	0	4	0
42	9	2	hout	NO_RESPONSE	3	-1	-1	2	1	HIGH_LOAD	0100001010000001	0000000000000000	0	0	4	0
43	9	3	non	NO_RESPONSE	1	-1	-1	2	1	HIGH_LOAD	0100001010000001	0000000000000000	0	0	4	0
43	9	3	non	NO_RESPONSE	2	-1	-1	2	1	HIGH_LOAD	0100001010000001	0000000000000000	0	0	4	0
43	9	3	non	NO_RESPONSE	3	-1	-1	2	1	HIGH_LOAD	0100001010000001	0000000000000000	0	0	4	0
44	9	4	antwoord	NO_RESPONSE	1	-1	-1	2	1	HIGH_LOAD	0100001010000001	0000000000000000	0	0	4	0
44	9	4	antwoord	NO_RESPONSE	2	-1	-1	2	1	HIGH_LOAD	0100001010000001	0000000000000000	0	0	4	0
44	9	4	antwoord	NO_RESPONSE	3	-1	-1	2	1	HIGH_LOAD	0100001010000001	0000000000000000	0	0	4	0
45	9	5	meisje	NO_RESPONSE	1	-1	-1	2	1	HIGH_LOAD	0100001010000001	0000000000000000	0	0	4	0
45	9	5	meisje	NO_RESPONSE	2	-1	-1	2	1	HIGH_LOAD	0100001010000001	0000000000000000	0	0	4	0
45	9	5	meisje	NO_RESPONSE	3	-1	-1	2	1	HIGH_LOAD	0100001010000001	0000000000000000	0	0	4	0
46	10	1	worst	NO_RESPONSE	1	-1	-1	1	1	LOW_LOAD	0001000100010001	0000000000000000	0	0	4	0
46	10	1	worst	NO_RESPONSE	2	-1	-1	1	1	LOW_LOAD	0001000100010001	0000000000000000	0	0	4	0
46	10	1	worst	NO_RESPONSE	3	-1	-1	1	1	LOW_LOAD	0001000100010001	0000000000000000	0	0	4	0
47	10	2	opstaan	NO_RESPONSE	1	-1	-1	1	1	LOW_LOAD	0001000100010001	0000000000000000	0	0	4	0
47	10	2	opstaan	NO_RESPONSE	2	-1	-1	1	1	LOW_LOAD	0001000100010001	0000000000000000	0	0	4	0
47	10	2	opstaan	NO_RESPONSE	3	-1	-1	1	1	LOW_LOAD	0001000100010001	0000000000000000	0	0	4	0
48	10	3	dok	NO_RESPONSE	1	-1	-1	1	1	LOW_LOAD	0001000100010001	0000000000000000	0	0	4	0
48	10	3	dok	NO_RESPONSE	2	-1	-1	1	1	LOW_LOAD	0001000100010001	0000000000000000	0	0	4	0
48	10	3	dok	NO_RESPONSE	3	-1	-1	1	1	LOW_LOAD	0001000100010001	0000000000000000	0	0	4	0
49	10	4	beer	NO_RESPONSE	1	-1	-1	1	1	LOW_LOAD	0001000100010001	0000000000000000	0	0	4	0
49	10	4	beer	NO_RESPONSE	2	-1	-1	1	1	LOW_LOAD	0001000100010001	0000000000000000	0	0	4	0
49	10	4	beer	NO_RESPONSE	3	-1	-1	1	1	LOW_LOAD	0001000100010001	0000000000000000	0	0	4	0
50	10	5	kapot	NO_RESPONSE	1	-1	-1	1	1	LOW_LOAD	0001000100010001	0000000000000000	0	0	4	0
50	10	5	kapot	NO_RESPONSE	2	-1	-1	1	1	LOW_LOAD	0001000100010001	0000000000000000	0	0	4	0
50	10	5	kapot	NO_RESPONSE	3	-1	-1	1	1	LOW_LOAD	0001000100010001	0000000000000000	0	0	4	0
51	11	1	lekker	NO_RESPONSE	1	-1	-1	2	1	HIGH_LOAD	0100001001000001	0000000000000000	0	0	4	0
51	11	1	lekker	NO_RESPONSE	2	-1	-1	2	1	HIGH_LOAD	0100001001000001	0000000000000000	0	0	4	0
51	11	1	lekker	NO_RESPONSE	3	-1	-1	2	1	HIGH_LOAD	0100001001000001	0000000000000000	0	0	4	0
52	11	2	wenen	NO_RESPONSE	1	-1	-1	2	1	HIGH_LOAD	0100001001000001	0000000000000000	0	0	4	0
52	11	2	wenen	NO_RESPONSE	2	-1	-1	2	1	HIGH_LOAD	0100001001000001	0000000000000000	0	0	4	0
52	11	2	wenen	NO_RESPONSE	3	-1	-1	2	1	HIGH_LOAD	0100001001000001	0000000000000000	0	0	4	0
53	11	3	heel	NO_RESPONSE	1	-1	-1	2	1	HIGH_LOAD	0100001001000001	0000000000000000	0	0	4	0
53	11	3	heel	NO_RESPONSE	2	-1	-1	2	1	HIGH_LOAD	0100001001000001	0000000000000000	0	0	4	0
53	11	3	heel	NO_RESPONSE	3	-1	-1	2	1	HIGH_LOAD	0100001001000001	0000000000000000	0	0	4	0
54	11	4	zij	NO_RESPONSE	1	-1	-1	2	1	HIGH_LOAD	0100001001000001	0000000000000000	0	0	4	0
54	11	4	zij	NO_RESPONSE	2	-1	-1	2	1	HIGH_LOAD	0100001001000001	0000000000000000	0	0	4	0
54	11	4	zij	NO_RESPONSE	3	-1	-1	2	1	HIGH_LOAD	0100001001000001	0000000000000000	0	0	4	0
55	11	5	lawaai	NO_RESPONSE	1	-1	-1	2	1	HIGH_LOAD	0100001001000001	0000000000000000	0	0	4	0
55	11	5	lawaai	NO_RESPONSE	2	-1	-1	2	1	HIGH_LOAD	0100001001000001	0000000000000000	0	0	4	0
55	11	5	lawaai	NO_RESPONSE	3	-1	-1	2	1	HIGH_LOAD	0100001001000001	0000000000000000	0	0	4	0
56	12	1	drinken	NO_RESPONSE	1	-1	-1	2	1	HIGH_LOAD	0010100000100100	0000000000000000	0	0	4	0
56	12	1	drinken	NO_RESPONSE	2	-1	-1	2	1	HIGH_LOAD	0010100000100100	0000000000000000	0	0	4	0
56	12	1	drinken	NO_RESPONSE	3	-1	-1	2	1	HIGH_LOAD	0010100000100100	0000000000000000	0	0	4	0
57	12	2	pijl	NO_RESPONSE	1	-1	-1	2	1	HIGH_LOAD	0010100000100100	0000000000000000	0	0	4	0
57	12	2	pijl	NO_RESPONSE	2	-1	-1	2	1	HIGH_LOAD	0010100000100100	0000000000000000	0	0	4	0
57	12	2	pijl	NO_RESPONSE	3	-1	-1	2	1	HIGH_LOAD	0010100000100100	0000000000000000	0	0	4	0
58	12	3	droogte	NO_RESPONSE	1	-1	-1	2	1	HIGH_LOAD	0010100000100100	0000000000000000	0	0	4	0
58	12	3	droogte	NO_RESPONSE	2	-1	-1	2	1	HIGH_LOAD	0010100000100100	0000000000000000	0	0	4	0
58	12	3	droogte	NO_RESPONSE	3	-1	-1	2	1	HIGH_LOAD	0010100000100100	0000000000000000	0	0	4	0
59	12	4	herfst	NO_RESPONSE	1	-1	-1	2	1	HIGH_LOAD	0010100000100100	0000000000000000	0	0	4	0
59	12	4	herfst	NO_RESPONSE	2	-1	-1	2	1	HIGH_LOAD	0010100000100100	0000000000000000	0	0	4	0
59	12	4	herfst	NO_RESPONSE	3	-1	-1	2	1	HIGH_LOAD	0010100000100100	0000000000000000	0	0	4	0
60	12	5	enig	NO_RESPONSE	1	-1	-1	2	1	HIGH_LOAD	0010100000100100	0000000000000000	0	0	4	0
60	12	5	enig	NO_RESPONSE	2	-1	-1	2	1	HIGH_LOAD	0010100000100100	0000000000000000	0	0	4	0
60	12	5	enig	NO_RESPONSE	3	-1	-1	2	1	HIGH_LOAD	0010100000100100	0000000000000000	0	0	4	0
61	13	1	wieg	NO_RESPONSE	1	-1	-1	1	1	LOW_LOAD	0000000000001111	0000000000000000	0	0	4	0
61	13	1	wieg	NO_RESPONSE	2	-1	-1	1	1	LOW_LOAD	0000000000001111	0000000000000000	0	0	4	0
61	13	1	wieg	NO_RESPONSE	3	-1	-1	1	1	LOW_LOAD	0000000000001111	0000000000000000	0	0	4	0
62	13	2	pijn	NO_RESPONSE	1	-1	-1	1	1	LOW_LOAD	0000000000001111	0000000000000000	0	0	4	0
62	13	2	pijn	NO_RESPONSE	2	-1	-1	1	1	LOW_LOAD	0000000000001111	0000000000000000	0	0	4	0
62	13	2	pijn	NO_RESPONSE	3	-1	-1	1	1	LOW_LOAD	0000000000001111	0000000000000000	0	0	4	0
63	13	3	menu	NO_RESPONSE	1	-1	-1	1	1	LOW_LOAD	0000000000001111	0000000000000000	0	0	4	0
63	13	3	menu	NO_RESPONSE	2	-1	-1	1	1	LOW_LOAD	0000000000001111	0000000000000000	0	0	4	0
63	13	3	menu	NO_RESPONSE	3	-1	-1	1	1	LOW_LOAD	0000000000001111	0000000000000000	0	0	4	0
64	13	4	lezen	NO_RESPONSE	1	-1	-1	1	1	LOW_LOAD	0000000000001111	0000000000000000	0	0	4	0
64	13	4	lezen	NO_RESPONSE	2	-1	-1	1	1	LOW_LOAD	0000000000001111	0000000000000000	0	0	4	0
64	13	4	lezen	NO_RESPONSE	3	-1	-1	1	1	LOW_LOAD	0000000000001111	0000000000000000	0	0	4	0
65	13	5	rivier	NO_RESPONSE	1	-1	-1	1	1	LOW_LOAD	0000000000001111	0000000000000000	0	0	4	0
65	13	5	rivier	NO_RESPONSE	2	-1	-1	1	1	LOW_LOAD	0000000000001111	0000000000000000	0	0	4	0
65	13	5	rivier	NO_RESPONSE	3	-1	-1	1	1	LOW_LOAD	0000000000001111	0000000000000000	0	0	4	0
66	14	1	anti	NO_RESPONSE	1	-1	-1	1	1	LOW_LOAD	0000000011110000	0000000000000000	0	0	4	0
66	14	1	anti	NO_RESPONSE	2	-1	-1	1	1	LOW_LOAD	0000000011110000	0000000000000000	0	0	4	0
66	14	1	anti	NO_RESPONSE	3	-1	-1	1	1	LOW_LOAD	0000000011110000	0000000000000000	0	0	4	0
67	14	2	keurig	NO_RESPONSE	1	-1	-1	1	1	LOW_LOAD	0000000011110000	0000000000000000	0	0	4	0
67	14	2	keurig	NO_RESPONSE	2	-1	-1	1	1	LOW_LOAD	0000000011110000	0000000000000000	0	0	4	0
67	14	2	keurig	NO_RESPONSE	3	-1	-1	1	1	LOW_LOAD	0000000011110000	0000000000000000	0	0	4	0
68	14	3	geeuw	NO_RESPONSE	1	-1	-1	1	1	LOW_LOAD	0000000011110000	0000000000000000	0	0	4	0
68	14	3	geeuw	NO_RESPONSE	2	-1	-1	1	1	LOW_LOAD	0000000011110000	0000000000000000	0	0	4	0
68	14	3	geeuw	NO_RESPONSE	3	-1	-1	1	1	LOW_LOAD	0000000011110000	0000000000000000	0	0	4	0
69	14	4	tragedie	NO_RESPONSE	1	-1	-1	1	1	LOW_LOAD	0000000011110000	0000000000000000	0	0	4	0
69	14	4	tragedie	NO_RESPONSE	2	-1	-1	1	1	LOW_LOAD	0000000011110000	0000000000000000	0	0	4	0
69	14	4	tragedie	NO_RESPONSE	3	-1	-1	1	1	LOW_LOAD	0000000011110000	0000000000000000	0	0	4	0
70	14	5	boven	NO_RESPONSE	1	-1	-1	1	1	LOW_LOAD	0000000011110000	0000000000000000	0	0	4	0
70	14	5	boven	NO_RESPONSE	2	-1	-1	1	1	LOW_LOAD	0000000011110000	0000000000000000	0	0	4	0
70	14	5	boven	NO_RESPONSE	3	-1	-1	1	1	LOW_LOAD	0000000011110000	0000000000000000	0	0	4	0
71	15	1	blanco	NO_RESPONSE	1	-1	-1	2	1	HIGH_LOAD	0001101000000100	0000000000000000	0	0	4	0
71	15	1	blanco	NO_RESPONSE	2	-1	-1	2	1	HIGH_LOAD	0001101000000100	0000000000000000	0	0	4	0
71	15	1	blanco	NO_RESPONSE	3	-1	-1	2	1	HIGH_LOAD	0001101000000100	0000000000000000	0	0	4	0
72	15	2	dek	NO_RESPONSE	1	-1	-1	2	1	HIGH_LOAD	0001101000000100	0000000000000000	0	0	4	0
72	15	2	dek	NO_RESPONSE	2	-1	-1	2	1	HIGH_LOAD	0001101000000100	0000000000000000	0	0	4	0
72	15	2	dek	NO_RESPONSE	3	-1	-1	2	1	HIGH_LOAD	0001101000000100	0000000000000000	0	0	4	0
73	15	3	ernstig	NO_RESPONSE	1	-1	-1	2	1	HIGH_LOAD	0001101000000100	0000000000000000	0	0	4	0
73	15	3	ernstig	NO_RESPONSE	2	-1	-1	2	1	HIGH_LOAD	0001101000000100	0000000000000000	0	0	4	0
73	15	3	ernstig	NO_RESPONSE	3	-1	-1	2	1	HIGH_LOAD	0001101000000100	0000000000000000	0	0	4	0
74	15	4	iedereen	NO_RESPONSE	1	-1	-1	2	1	HIGH_LOAD	0001101000000100	0000000000000000	0	0	4	0
74	15	4	iedereen	NO_RESPONSE	2	-1	-1	2	1	HIGH_LOAD	0001101000000100	0000000000000000	0	0	4	0
74	15	4	iedereen	NO_RESPONSE	3	-1	-1	2	1	HIGH_LOAD	0001101000000100	0000000000000000	0	0	4	0
75	15	5	suiker	NO_RESPONSE	1	-1	-1	2	1	HIGH_LOAD	0001101000000100	0000000000000000	0	0	4	0
75	15	5	suiker	NO_RESPONSE	2	-1	-1	2	1	HIGH_LOAD	0001101000000100	0000000000000000	0	0	4	0
75	15	5	suiker	NO_RESPONSE	3	-1	-1	2	1	HIGH_LOAD	0001101000000100	0000000000000000	0	0	4	0
76	16	1	wijze	NO_RESPONSE	1	-1	-1	2	1	HIGH_LOAD	0001010000100100	0000000000000000	0	0	4	0
76	16	1	wijze	NO_RESPONSE	2	-1	-1	2	1	HIGH_LOAD	0001010000100100	0000000000000000	0	0	4	0
76	16	1	wijze	NO_RESPONSE	3	-1	-1	2	1	HIGH_LOAD	0001010000100100	0000000000000000	0	0	4	0
77	16	2	kust	NO_RESPONSE	1	-1	-1	2	1	HIGH_LOAD	0001010000100100	0000000000000000	0	0	4	0
77	16	2	kust	NO_RESPONSE	2	-1	-1	2	1	HIGH_LOAD	0001010000100100	0000000000000000	0	0	4	0
77	16	2	kust	NO_RESPONSE	3	-1	-1	2	1	HIGH_LOAD	0001010000100100	0000000000000000	0	0	4	0
78	16	3	opinie	NO_RESPONSE	1	-1	-1	2	1	HIGH_LOAD	0001010000100100	0000000000000000	0	0	4	0
78	16	3	opinie	NO_RESPONSE	2	-1	-1	2	1	HIGH_LOAD	0001010000100100	0000000000000000	0	0	4	0
78	16	3	opinie	NO_RESPONSE	3	-1	-1	2	1	HIGH_LOAD	0001010000100100	0000000000000000	0	0	4	0
79	16	4	komedie	NO_RESPONSE	1	-1	-1	2	1	HIGH_LOAD	0001010000100100	0000000000000000	0	0	4	0
79	16	4	komedie	NO_RESPONSE	2	-1	-1	2	1	HIGH_LOAD	0001010000100100	0000000000000000	0	0	4	0
79	16	4	komedie	NO_RESPONSE	3	-1	-1	2	1	HIGH_LOAD	0001010000100100	0000000000000000	0	0	4	0
80	16	5	kassei	NO_RESPONSE	1	-1	-1	2	1	HIGH_LOAD	0001010000100100	0000000000000000	0	0	4	0
80	16	5	kassei	NO_RESPONSE	2	-1	-1	2	1	HIGH_LOAD	0001010000100100	0000000000000000	0	0	4	0
80	16	5	kassei	NO_RESPONSE	3	-1	-1	2	1	HIGH_LOAD	0001010000100100	0000000000000000	0	0	4	0
